1111181555274.
Picum, 220, 273.
Ρ1151,68.
0151105, 252.
01511115, 124, 252.
0151001115, 89.
01501510.
0150515, 86.
0150511115, 59.
015001515, 48.
plebeia, 86.
0111515120.
010106105, 264.
001115, 19, 47, 147,
Polymnoda, 241, 254.
0001111055, 7, 47, 268.
0001111050ιο, 268.
0011151505,136.
0151051111, 115.
1001500505, 145.
Ρω110115, 236.
01015, 65, 81.
prostrata, 21.
Ρ551010011115, 205.
pubescens, 15.
0011115, 70.
001115,Ι 125.
05110115104.
0111161115, 188, 228,
278, 283.
pulchellum, 278, 279,
pulchra, 62.
00605115,111.
0011150589.
Ρ1111551να,160.
0111155115, 180.
01111515, 232.
0001111115, 116.
0501015179.
0111568.
0111001515, 188.
0051115, 221, 277, 281.
pusillum, 277, 278.
00310515, 129. 284.

0056003011115, 152.

quadriradiata, 171.

mnu.

radiata, 12, 49, 51,
131,152, 165, 204,
216, 222, 254.

1501115, 96.

1511800105, 167, 210.

8551115111101.

1111115148.

8111551505, 279.

11101015226.

111115101.

1131115115, 146.

11511151515, 107.

1511101515, 16, 105,

11111115, 169.

1601060ἰά15, 266.

rhomboidcum. 266.

1600611115161.

1131115103.

1110055171.

1101015115149.

rivalis, 228, 264, 275.

11111015, 261, 262.

0101511584.

1060515210.

8011111505, 209.

11005151, 165.

1055155, 270.

rosaceum, 270.

10551105102.

10515, 77.

1051010278.

10511565, 205.

10511515, 71, 117.

1010011515, 167, 235.

1061150115, 18.

rubiginosa, 66, 82.

1061577.

1111151515136.

101115, 72.

1111523158.

1011511105, 67.

10311115, 85.

103055, 102, 116, 144,
203, 213.

11501115115190.

1110111115, 210.

rutila, 58.

8011601111, 264.

291

5560111015, 262.
5511515, 32.
salmacida, 259.
8510110515, 173.
8511510315, 266.
85113001, 90.
Momm, 186.
515615, 24, 130.
5156005106, 25.
515151105,’148.
51515115, 22.
Scaldim, 264.
5111015, 44. 83.
5101015, 11, 100.
5110115, 268.
semen, 284.
511111-15111111515, 209. ,
seminuda, 42.
5101103515, 163.
511015011515, 62, 230.
810135110515,180,287.
sericea, 19.
5111515, 192, 212.
8116011111, 21.
simile, 265.
similis, 167, 198, 225,
245, 266.
simillima, 133.
simplex, 9, 79, 271.
81010515, 30.
510051512,13,17,144.
sinuatum, 276.
51011055, 33, 161, 249.
8011101111, 44.
8060310515, 51.
5011115, 191, 254, 265.
50110015, 18, 269.
5011110100, 269.
solidum, 265.
501111115, 255.
8001160195, 109.
5051601515, 59.
5065111515, 80.
8011111510, 219, 261.
spissa, 150.
500115, 150.
squalida, 58, 188, 233.
squamosa, 117.
5153011015, 262, 264.

 

