1111111 28, 129.
11111111 19.
calcaria, 123.
calculus, 27.
(111ὶὶ111111, 208.
01111111111111 133.
0111111, 96.
1111111111 92, 149.
callosa, 82, 135.
calophylla, 120.
1111111111 262.
111111111111276.
anamulata, 25.
0111111111, 281.
1111111111, 99, 134.
mnditia, 61, 217.
Capenae, 265.

01111111, 265.

1111111111, 139.
1116111611, 138.
1111111111, 268.
1111111ἰά11, 192.
11111111 149, 159.
1111111111.
0111111111, 254.
eumanum, 275.
0111111111ηεί1, 224.
asina, 100.
1111135.

11111111 38, 151271.
castaneum, 270.
1111111111 93, 176.
camitem, 175, 185.
cerea, 203.
1111111111 248.
Ceylonensis. 151.
0111111111, 108.
0111111111, 237.
0111111111237.
01111111, 284.
6111111111 284.
6111111111,30,61,202,
Chione, 56.

Chione. 118.
1111111111, 124.
0111111111218.
cinerea, 184, 276.
111111111, 276.

INDEX.

cingenda, 135.
1111111111, 103.
0111182.
1111111119.
1111111111. 77.
1111111, 72, 264.
clathrata, 106.
Clementia, 197.
coaxans, 248.
0111111111 132.
01111111111110136.
1111111111264.
compressa, 48, 227,
compressum, 282.
1111111129, 133, 249.
1111111111, 6.
concinna, 10, 74, 214.
conjuncta, 244.
consobrina, 10, 101,
221, 263.
consobrinum, 263.
1111111129.
1111111128.
1111111111, 148,156.
convexa, 71, 231.
11171, 141221.
0111111151.
0111111111, 219. 220.
11111111111111, 239.
(1111111108.
011111111190.
1111111111, 66, 259.
0111111111, 274.
0111111261.
111111 261, 262, 263,
0111111111261.
111111111263.
(11111ὺί11111, 194.
corpulenta, 39.
11111111122,85,185,
196, 203.
1111111 42, 63, 137,
212, 216.
1111111111, 109, 209.
1111111111130.
111111111142.
011111111192.
1111111150.

287

11111111111111,46.
1111111111, 137.
1111111111, 169.
1111111111, 100, 111.
11111111 111, 192.
11111111, 136.
1111111111, lll.
Creplini, 155, 280.
11111111, 28.
crispata, 107.
crocea, 8, 85.
cultellus, 213.
0111111ςί1, 20, 79, 121,
185, 228, 257.
cuneata, 231.
0111111111, 160, 190.
curta, 203.
Cyameyelas, 220.
cycladiformis, 73.
Cyclas, 261.
0111111, 29.
cycloides, 7.
Cygnus, 77.
1111611111, 208.
Cypria, 126.
cyprino, 199.
cyprinoides, 240, 241,
cyrena, 219, 241.
Cyrenarum, 285.
Cyrenodontu, 240.
Cyrenoida, 286.
cyrilli. 88.
0111111134, 54.

dactyloides, 184.
dactylus. 213.
daman1des, 47.
(11111111 234.
decipiens,l28‚248.
declivis, 104, 162.
decorata, 131.
decussata, 117, 189,
209, 217.
1111111111, 90.
denticulata, 150, 178,
depressa, 260.
depressum, 285.

13*

 

