292 ·

Steenbuchii¹ 264.
8111111, 273.

INDEX·

11111111111111, 267.
211111111111, 264.

straminea, 141, 204, “ 1111111111, 70, 141.

1111111111, 267.

testudinans, 89.
texta, 195.

1111111, 68, 72, 145, textilis, 172.

146. 209, 275.
1111111111, 221.
11111011, 282.

1111111111111, 15, 131.

strigon, 148:
stultorum, 46.
Stutchburyi, 137.
81111111, 92.
111011111111, 196.
1111101011, 208.
111111110111, 117.
1111111111, 70.
111101111, 248.
11110011011, 143.
11101111111111, 251.
subpellucida, 66.

textrix, 171.
1111111111, 174.
Thaca, 110.
1111111111, 276.
11111, 121.
tigrim, 94.
torrida, 27.
10111011, 74.
1111111111, 267.
1111111111111, 90.
transversum, 267.
triangula, 253.
triangularis, 88, 234,
tricolor, 140.
2119011, 45.

11101101111, 31, 43, trigona, 14, 224.

256.
11110111, 26.

trigonella, 50, 234.
111111111196.

11110111111, 110, 134, tripla, 52.

subrugosn, 110.
1111111111, 217.
1111113011, 14.
11111111, 168.

triquetra, 236.
1111161111, 41, 151.
1111111, 150.

11111111, 43, 186, 273.
11111011111, 262.

1111111, 86, 145. 266. 11111011, 99.

111111111, 95, 233.

1110011, 161.
8111011111, 242.

111001111ῐί1, 74.

Paper, 159.
1111111011, 72.
11111111011111, 78.
1101101111, 78.
111111011, 238, 279.
111111, 262.

tumefacta, 87.
tumens, 68.
tumescens, 65.
tumida, 15, 136, 229,
1111111113, 166, 242.
1113111111, 166.
typica, 210.

typicum, 218.

umbonena11'55.

111111111111111,21,115. 1111111133.

111111, 13, 33, 215.
1111111111, 30.

1111111111, 141.
undatim, 83.

111111111111, 177, 190, 1111111111, 48, 171.

267.

Tim END.

1111111011, 152.

unicolor, 61.
1111111111, 153.

vaginulis, 45.
011110111111, 252.
variabilis, 152, 153.
varians, 66.
11111011, 128.
1111131111,24,179,232,
Veatleyi, 283.
Velorr'ta, 219, 240.
Veneris, 75.
1111111111, 189.
Venetiam, 72.
1111111011, 53, 214,
Venus, 97.
1111111111011. 159.
verrucosa, 98.
91011111, 240.
violacea, 84, 113138,
150, 238.
1101111111, 181.
virago, 173.
virens, 202.
virginea, 46, 172.
virginior, 281.
Virginicum, 281.
virgo, 68.
vitrea, 198, 276.
vitreum, 276.
vulgaris, 181, 201.
vulnerata, 60.
11111111, 159.

1100111111125.

vater, 1201

Z

1111111, 101111. ·

Zeylanica, 248.
1011111, 38.

 

