200 1111111.

1661166, 120, 138. nitidula, 47, 256. pallida, 145, 247.

maritima, 250. nitidum. 271, 277. palustre, 276.
marmorata, 163. 11106, 212. 1161661111, 275.
maxima, 187, 201. 1061116, 7, 78. pannosa, 70.
140161101116, 230. 10061066, 110. Panormitam, 220.
membranacea, 101. Νο11111111161611,277. Paphia, 100.
110161166111, 43. 101661116,250. Paphia, 126.
Men-maria, 113. 6016111114. 11611111016006, 108. ,
mercenaria, 114. Νο11020161116, 272. Ρ61166,250.
6111101111. 34. 6101016, 264. 11611116006, 197.
meretrix, 36. 160616, 54. Parmensis, 231.
170101, 41. 6611116616, 88. wasiticum, 280.
Μο100, 41. Ν61161111, 135, 188. 11611611016, 266.
Μο1011011616, 103. Nux, 261. Ρ616101106, 0.
1101000166, 150. 1161263. 11610116, 271.
Μο110616, 260. Ρ66110101110, 153118.
1111111687. 0. Ρ61101616, 74.
minor, 06, 281. 06066, 50, 238. 1100111616, 00.
161166, 281. 06111166, 275, 276. 1100111616, 131.
1611116, 73, 157. 0611116616, 65. pectoralis, 62, 82.
mirabile, 260. 0611116611, 275. 1100101116,130.
1111661116, 207, 200. 0610116, 86,103,102, Ρο0111166116, 73.
111116, 142. 257. 1101160106, 07.
modesta, 17, 23, 72, 06016111, 154. 110110111616,16.
70, 270. obscura, 158, 232. Ρο11161111, 144.
modestum, 270. 061061616, 100. Pera, 274.
61011011101110, 203. 06601016, 184, 230. 1101101611, 180.
11001061011116, 283. 06111610, 270, 278, Ρο10111,146,150.
11011111016, 100. 270. perplffl, 176·
monstrosa, 107. 0616611111, 270. perpusillum, 2⁸5·
Μο11111116, 37. occidens, 223. 1101116111166, 281.
Μο11011, 114. 0061616, 81. 1101101616, 84.
Μο611011,227. opacus. 187. 1101111616, 125, 212,
1161110061616, 100. 0111616161. 250.
1161111661616, 63. 0111106, 03. 110161166, 176.
116111611111066, 76. orbicularis, 273. 101006161630.
1161116111616, 64. orbicularis, 273. Ρο1111, 180.
Manuaria, 80. 01611111, 20. Ρο1116010, 206.
1111111030. 0110116116,31,227,228. Ρ10111011, 03, 275.
0111616, 05. 11661001116, 172.
N. 0116666166, 132. 116661660116, 04.
1616614. 016106, 166. Philippii, 72146.
Ν6101110,215. 0161116, 220. Ρ11111111111161616, 39.
10611016, 151. 01616, 130. 170, 235.
10110016, 134. 0111011616, 245. 111106ᾶὶ10006, ²1¹·
110106101616, 230. ovum, 34. Ρ110101000, 261.
1110116, 203. Ρ1101110110, 201.
111011, 8, 174, 227. Ρ. picta, 42, 06.
nitida, 168, 260, 272, 1160110601. pinguis, 151.
277. pollescens, 78. 1111101116, 50.

 

