288 111111.

Deahayeali, 168. Erycina, 61, 62. 1011101140.
detruncata, 272. 813111111162. fornicata, 212.
detruncatum, 272. erythraea, 86. 1011111111, 103.
Dhingolii, 285. Ε1111310111111, 251. fulminata, 50, ai.
1111111111111, 73, 195. 1137111274. 101113111161.
(1111111112. 8111111601223234. 11101, 88.
Dillwyni, 49. exalbida, 154. 1110111, 223, 226.
Dione, 54. exarata, 162. fusco-lineata, 140.
Dione, 76. 11111111120.
11111111, 101. 1111111143. G.
1111001189, 141215. excisa, 21. 3111111111183.
0110111111,109,127. 1116141156. (1111111111246.
discus, 10. eximia, lll, 236. 61717111, 274.
dispar, 89. 1101111111, 13, 17. gallina, 143.
disrupta, 69, 185. exotica, 191. 3111111111, 142.
alisiana, 7, 123, 195. expalleaaeaa, 188. 0111111111111, 277.
diatorta, 271. expansa, 243. Galama, 241.
«1111011111271. Gemma, 112.
01111111188316247. F. 3111111113.
(111113101216. 111131111182. geographica, 182.
dolabella, 49. labala, 269. gibba, 279.
11011111, 110. 1111111269. Gibbia, 90.
domata, 166. fallax, 244. 3111011 218.
1101111115. 1111111127. 3111101111, 71.
dubia, 54, 266, 282. fastigiata, 94. 31311111, 7, 80, 187,
1111011181. 111113111117. 267. .
dubium, 266, 282. ferrugineum, 281. 3131111111267. ,
1111111111, 8. festiva, 59. 31111, 124.
duplicata, 16. fibula, 27. 3111161111183.
11110ηῆ1286. 61111011111149. glauca, 13. ,
1113016111286. 6111268. (1111101131, 202. l
dura, 166, 252. 611110111264. 6711101111, 202.
dyaera, 156. 11111111, 31. globosa, 273.
flavum, 268. (111011 132.

Ε. flexuosa, 116, 118. 3111111, 268.
1001111111, 99. florida, 61,174. gracilior, 63.
edentula, 282. 110111111257. gracilia, 214, 268.
edentulum, 282. 6011111111, 81, 175. grandia, 225.
1110111142, 100. 1111111131, 135. 3111111111, 138.
1311311, 273. 61011111, 73. 3111101111, 198.
egregium, 273. 61011011176. graphica, 37. .
elegans, 2151, 11, 1111111111111. 3111101111Ιο-

123, 139, 270. 1111111111226. gravescens, 121.
1113111111, 148. 6111111111226, 275. Grayi, 80.
elevata, 156, 269. 10111011, 122, 192. 311111, 186.
clavatum, 269. 10111101, 194. Gruneri, 27.
1111110192, 151191. 1011111111, 253. 3111111111, 77.
emarginatmfil. 1011111111.

111131111111,267. 1011111111, 276, 277, 11.
1111111162. 111. 1131111111.

 

