mmex.

1111111153, 164. J. 11111111.
11111111, 67, 95. 11111111,26,146,181. 11111111, 134.
111111111111, 275, 111111, 238. ligula, 61.

278. 11111111, 27 6. 11111111, 63.
111111111111111, 278. 1111111, 276. 11111, 137.
1111111111, 18. 11111111,237,276. 1111111111, 66.
1111111111, 149. 11111111, 276. limosa, 231, 232.
hieroglyphioe, 37. 1111111, 276. limosum, 277.
Η1111111,53. 1111111,166,251. 111111, 12, 17.
1111111124. juvenilis, 23. 1111111152.
1111111111131. juvenis, 23. 1111111111, 212.
1111111111, 239. litata, 24, 163.
1111111111ςί, 142. K. Listeri, 106.

Κ1111111, 127. 11111111,146,164, 182.

1. Κ11111111111,235. 11111111,188.
[1111111111. 11111161. 1111111111, 269. Ι

1111111111, 110. 1111111156. 11111111, 93.
1115111111, 132. 111111111, 154. livida, 28.
111111111121, 82. 1111111132. 1111111111, 16.
impar, 55. 1111111111, 94.
111111111,118,249. , 1.. lubrica, 61.
impudica, 36. 11111111, 145. 111111111, 15, 216.
1111111111, 157. 11111111, 165. 1111111111, 18.
ineerta, 53, 176, 1111111161. 111111111136.
256. 11111111, 262. 1111111111111, 286.
111111, 9. 1111111111, 262. lunaris, 17.
incompta, 33. 11111, 64,175. 111111111, 116.
incrassata, 233. 11113111, 52. lupanaria, 76.
indecora, 74. lagopus, 142. 111111117.
1111111178. Lajonkairia, 217. 1111111135.
1111111161. Lajonkairii, 217. 11111, 79, 273.
inflata, 32, 65,157, 1111111111,39,69,116. [1111111176.
162, 266. 1111111111,16,116,119. lyra, 164.
inflatum, 275. 1111111111, 194. 111111, 46.
11111111, 69. laminam, 22.
inornata, 270. luminosa, 144. Μ.
inornatum, 276. lapicida, 216. macilenta, 81.
inquinata. 157, 244. laqueata, 167. 1111111111, 117.
insignis, 236, 255. Largillierti,180,225. macrophylla, 193.
interjecta, 196. 1111111111, 153. 1111111111, 117.
111111161149, 179. 1111111111111, 186. 11111111111,48,51,246.
interrupta, 113. lauta, 245. 11111111157272, 284.
1111111111, 139. 11111111, 264. maculatum, 272, 283.
1111111111111, 181. 11111111111,276, 286. 111111111111, 41.
[111193. 111111111111, 24, 85, 111111611165.
1111111111112. 154, 237, 276, 286, 1111111111166.
1111111111, 124. 286. Μ1111111111, 227.
1111116111,196. 1111111111, 6, 12. Μ111111111, 227.
1111111111, 14. 1111111113. 11111111, 75.
111111111ἰά11,258. 111111, 77. Man'ae, 126.

 

